2671451,5401516
2671451,5443841
2671451,5447728
2671451,5540939
2671451,5541155
2671451,5578323
2671451,5601846
2671451,5629020
2671451,5643957
2671451,5650386
2671451,5667806
2671451,5693338
2671451,5709861
2671451,5714167
2671451,5750147
2671451,5766633
2671451,5792451
2671451,5804688
2671451,5811127
2671451,5820881
2671451,5824345
2671451,5840340
2671451,5863944
2671451,5866536
2671451,5876710
2671451,5879681
2671451,5939381
2671451,5955503
2671451,5958457
2671451,5962710
2671451,5965121
2671451,5972387
2671451,5976569
2671451,5989539
2671451,5990166
2671451,6001347
2862918,5401516
2862918,5447728
2862918,5451410
2862918,5540939
2862918,5541155
2862918,5578323
2862918,5601846
2862918,5629020
2862918,5643957
2862918,5650386
2862918,5667806
2862918,5693338
2862918,5709861
2862918,5714167
2862918,5750147
2862918,5766633
2862918,5792451
2862918,5804688
2862918,5811127
2862918,5820881
2862918,5824345
2862918,5840340
2862918,5863944
2862918,5866536
2862918,5876710
2862918,5879681
2862918,5939381
2862918,5955503
2862918,5958457
2862918,5962710
2862918,5965121
2862918,5972387
2862918,5976569
2862918,5989539
2862918,5990166
2862918,6001347
2868740,5401516
2868740,5447728
2868740,5451410
2868740,5540939
2868740,5541155
2868740,5578323
2868740,5601846
2868740,5629020
2868740,5643957
2868740,5650386
2868740,5667806
2868740,5693338
2868740,5709861
2868740,5714167
2868740,5750147
2868740,5766633
2868740,5792451
2868740,5804688
2868740,5811127
2868740,5820881
2868740,5824345
2868740,5840340
2868740,5863944
2868740,5866536
2868740,5876710
2868740,5879681
2868740,5939381
2868740,5955503
2868740,5958457
2868740,5962710
2868740,5965121
2868740,5972387
2868740,5976569
2868740,5989539
2868740,5990166
2868740,6001347
2971916,5401516
2971916,5443841
2971916,5447728
2971916,5540939
2971916,5541155
2971916,5578323
2971916,5601846
2971916,5629020
2971916,5643957
2971916,5650386
2971916,5667806
2971916,5693338
2971916,5709861
2971916,5714167
2971916,5750147
2971916,5766633
2971916,5792451
2971916,5804688
2971916,5811127
2971916,5820881
2971916,5824345
2971916,5840340
2971916,5863944
2971916,5866536
2971916,5876710
2971916,5879681
2971916,5939381
2971916,5955503
2971916,5958457
2971916,5962710
2971916,5965121
2971916,5972387
2971916,5976569
2971916,5989539
2971916,5990166
2971916,6001347
3016308,5401516
3016308,5443841
3016308,5447728
3016308,5540939
3016308,5541155
3016308,5578323
3016308,5601846
3016308,5629020
3016308,5643957
3016308,5650386
3016308,5667806
3016308,5693338
3016308,5709861
3016308,5714167
3016308,5750147
3016308,5766633
3016308,5792451
3016308,5804688
3016308,5811127
3016308,5820881
3016308,5824345
3016308,5840340
3016308,5863944
3016308,5866536
3016308,5876710
3016308,5879681
3016308,5939381
3016308,5955503
3016308,5958457
3016308,5962710
3016308,5965121
3016308,5972387
3016308,5976569
3016308,5989539
3016308,5990166
3016308,6001347
3052655,4963364
3052655,4976968
3052655,4983402
3052655,5447728
3052655,5540939
3052655,5541155
3052655,5578323
3052655,5601846
3052655,5629020
3052655,5643957
3052655,5650386
3052655,5667806
3052655,5693338
3052655,5709861
3052655,5714167
3052655,5750147
3052655,5766633
3052655,5792451
3052655,5804688
3052655,5811127
3052655,5820881
3052655,5824345
3052655,5840340
3052655,5863944
3052655,5866536
3052655,5876710
3052655,5879681
3052655,5939381
3052655,5955503
3052655,5958457
3052655,5962710
3052655,5965121
3052655,5972387
3052655,5976569
3052655,5989539
3052655,5990166
3052655,6001347
3057344,5401516
3057344,5443841
3057344,5447728
3057344,5540939
3057344,5541155
3057344,5578323
3057344,5601846
3057344,5629020
3057344,5643957
3057344,5650386
3057344,5667806
3057344,5693338
3057344,5709861
3057344,5714167
3057344,5750147
3057344,5766633
3057344,5792451
3057344,5804688
3057344,5811127
3057344,5820881
3057344,5824345
3057344,5840340
3057344,5863944
3057344,5866536
3057344,5876710
3057344,5879681
3057344,5939381
3057344,5955503
3057344,5958457
3057344,5962710
3057344,5965121
3057344,5972387
3057344,5976569
3057344,5989539
3057344,5990166
3057344,6001347
3076790,4963364
3076790,4976968
3076790,4983402
3076790,5204099
3076790,5447728
3076790,5540939
3076790,5541155
3076790,5578323
3076790,5601846
3076790,5629020
3076790,5643957
3076790,5650386
3076790,5667806
3076790,5693338
3076790,5709861
3076790,5714167
3076790,5750147
3076790,5766633
3076790,5792451
3076790,5804688
3076790,5811127
3076790,5820881
3076790,5824345
3076790,5840340
3076790,5863944
3076790,5866536
3076790,5876710
3076790,5879681
3076790,5939381
3076790,5955503
3076790,5958457
3076790,5962710
3076790,5965121
3076790,5972387
3076790,5976569
3076790,5989539
3076790,5990166
3076790,6001347
3170802,5401516
3170802,5447728
3170802,5451410
3170802,5540939
3170802,5541155
3170802,5578323
3170802,5601846
3170802,5629020
3170802,5643957
3170802,5650386
3170802,5667806
3170802,5693338
3170802,5709861
3170802,5714167
3170802,5750147
3170802,5766633
3170802,5792451
3170802,5804688
3170802,5811127
3170802,5820881
3170802,5824345
3170802,5840340
3170802,5863944
3170802,5866536
3170802,5876710
3170802,5879681
3170802,5939381
3170802,5955503
3170802,5958457
3170802,5962710
3170802,5965121
3170802,5972387
3170802,5976569
3170802,5989539
3170802,5990166
3170802,6001347
3190837,5401516
3190837,5443841
3190837,5447728
3190837,5540939
3190837,5541155
3190837,5578323
3190837,5601846
3190837,5629020
3190837,5643957
3190837,5650386
3190837,5667806
3190837,5693338
3190837,5709861
3190837,5714167
3190837,5750147
3190837,5766633
3190837,5792451
3190837,5804688
3190837,5811127
3190837,5820881
3190837,5824345
3190837,5840340
3190837,5863944
3190837,5866536
3190837,5876710
3190837,5879681
3190837,5939381
3190837,5955503
3190837,5958457
3190837,5962710
3190837,5965121
3190837,5972387
3190837,5976569
3190837,5989539
3190837,5990166
3190837,6001347
3474777,4345588
3474777,4357259
3474777,5401516
3474777,5443841
3474777,5447728
3474777,5540939
3474777,5541155
3474777,5578323
3474777,5601846
3474777,5629020
3474777,5643957
3474777,5650386
3474777,5667806
3474777,5693338
3474777,5709861
3474777,5714167
3474777,5750147
3474777,5766633
3474777,5792451
3474777,5804688
3474777,5811127
3474777,5820881
3474777,5824345
3474777,5840340
3474777,5863944
3474777,5866536
3474777,5876710
3474777,5879681
3474777,5939381
3474777,5955503
3474777,5958457
3474777,5962710
3474777,5965121
3474777,5972387
3474777,5976569
3474777,5989539
3474777,5990166
3474777,6001347
3565559,5401516
3565559,5447728
3565559,5451410
3565559,5540939
3565559,5541155
3565559,5578323
3565559,5601846
3565559,5629020
3565559,5643957
3565559,5650386
3565559,5667806
3565559,5693338
3565559,5709861
3565559,5714167
3565559,5750147
3565559,5766633
3565559,5792451
3565559,5804688
3565559,5811127
3565559,5820881
3565559,5824345
3565559,5840340
3565559,5863944
3565559,5866536
3565559,5876710
3565559,5879681
3565559,5939381
3565559,5955503
3565559,5958457
3565559,5962710
3565559,5965121
3565559,5972387
3565559,5976569
3565559,5989539
3565559,5990166
3565559,6001347
3576758,4483807
3576758,4976968
3576758,4983402
3576758,5401516
3576758,5443841
3576758,5447728
3576758,5540939
3576758,5541155
3576758,5578323
3576758,5601846
3576758,5629020
3576758,5643957
3576758,5650386
3576758,5667806
3576758,5693338
3576758,5709861
3576758,5714167
3576758,5750147
3576758,5766633
3576758,5792451
3576758,5804688
3576758,5811127
3576758,5820881
3576758,5824345
3576758,5840340
3576758,5863944
3576758,5866536
3576758,5876710
3576758,5879681
3576758,5939381
3576758,5955503
3576758,5958457
3576758,5962710
3576758,5965121
3576758,5972387
3576758,5976569
3576758,5989539
3576758,5990166
3576758,6001347
3725113,4352883
3725113,5401516
3725113,5443841
3725113,5447728
3725113,5540939
3725113,5541155
3725113,5578323
3725113,5601846
3725113,5629020
3725113,5643957
3725113,5650386
3725113,5667806
3725113,5693338
3725113,5709861
3725113,5714167
3725113,5750147
3725113,5766633
3725113,5792451
3725113,5804688
3725113,5811127
3725113,5820881
3725113,5824345
3725113,5840340
3725113,5863944
3725113,5866536
3725113,5876710
3725113,5879681
3725113,5939381
3725113,5955503
3725113,5958457
3725113,5962710
3725113,5965121
3725113,5972387
3725113,5976569
3725113,5989539
3725113,5990166
3725113,6001347
3794561,4976968
3794561,4983402
3794561,5447728
3794561,5540939
3794561,5541155
3794561,5578323
3794561,5601846
3794561,5629020
3794561,5643957
3794561,5650386
3794561,5667806
3794561,5693338
3794561,5709861
3794561,5714167
3794561,5750147
3794561,5766633
3794561,5792451
3794561,5804688
3794561,5811127
3794561,5820881
3794561,5824345
3794561,5840340
3794561,5863944
3794561,5866536
3794561,5876710
3794561,5879681
3794561,5939381
3794561,5955503
3794561,5958457
3794561,5962710
3794561,5965121
3794561,5972387
3794561,5976569
3794561,5989539
3794561,5990166
3794561,6001347
3822348,4647455
3822348,4976968
3822348,4983402
3822348,5447728
3822348,5540939
3822348,5541155
3822348,5578323
3822348,5601846
3822348,5629020
3822348,5643957
3822348,5650386
3822348,5667806
3822348,5693338
3822348,5709861
3822348,5714167
3822348,5750147
3822348,5766633
3822348,5792451
3822348,5804688
3822348,5811127
3822348,5820881
3822348,5824345
3822348,5840340
3822348,5863944
3822348,5866536
3822348,5876710
3822348,5879681
3822348,5939381
3822348,5955503
3822348,5958457
3822348,5962710
3822348,5965121
3822348,5972387
3822348,5976569
3822348,5989539
3822348,5990166
3822348,6001347
3849550,5401516
3849550,5443841
3849550,5447728
3849550,5451410
3849550,5540939
3849550,5541155
3849550,5578323
3849550,5601846
3849550,5629020
3849550,5643957
3849550,5650386
3849550,5667806
3849550,5693338
3849550,5709861
3849550,5714167
3849550,5750147
3849550,5766633
3849550,5792451
3849550,5804688
3849550,5811127
3849550,5820881
3849550,5824345
3849550,5840340
3849550,5863944
3849550,5866536
3849550,5876710
3849550,5879681
3849550,5939381
3849550,5955503
3849550,5958457
3849550,5962710
3849550,5965121
3849550,5972387
3849550,5976569
3849550,5989539
3849550,5990166
3849550,6001347
3937668,4147767
3937668,4345588
3937668,4357259
3937668,4492684
3937668,5401516
3937668,5443841
3937668,5447728
3937668,5540939
3937668,5541155
3937668,5578323
3937668,5601846
3937668,5629020
3937668,5643957
3937668,5650386
3937668,5667806
3937668,5693338
3937668,5709861
3937668,5714167
3937668,5750147
3937668,5766633
3937668,5792451
3937668,5804688
3937668,5811127
3937668,5820881
3937668,5824345
3937668,5840340
3937668,5863944
3937668,5866536
3937668,5876710
3937668,5879681
3937668,5939381
3937668,5955503
3937668,5958457
3937668,5962710
3937668,5965121
3937668,5972387
3937668,5976569
3937668,5989539
3937668,5990166
3937668,6001347
3962416,4925673
3962416,4976968
3962416,4983402
3962416,5447728
3962416,5540939
3962416,5541155
3962416,5578323
3962416,5601846
3962416,5629020
3962416,5643957
3962416,5650386
3962416,5667806
3962416,5693338
3962416,5709861
3962416,5714167
3962416,5750147
3962416,5766633
3962416,5792451
3962416,5804688
3962416,5811127
3962416,5820881
3962416,5824345
3962416,5840340
3962416,5863944
3962416,5866536
3962416,5876710
3962416,5879681
3962416,5939381
3962416,5955503
3962416,5958457
3962416,5962710
3962416,5965121
3962416,5972387
3962416,5976569
3962416,5989539
3962416,5990166
3962416,6001347
4048268,5401516
4048268,5447728
4048268,5451410
4048268,5540939
4048268,5541155
4048268,5578323
4048268,5601846
4048268,5629020
4048268,5643957
4048268,5650386
4048268,5667806
4048268,5693338
4048268,5709861
4048268,5714167
4048268,5750147
4048268,5766633
4048268,5792451
4048268,5804688
4048268,5811127
4048268,5820881
4048268,5824345
4048268,5840340
4048268,5863944
4048268,5866536
4048268,5876710
4048268,5879681
4048268,5939381
4048268,5955503
4048268,5958457
4048268,5962710
4048268,5965121
4048268,5972387
4048268,5976569
4048268,5989539
4048268,5990166
4048268,6001347
4147767,3937668
4147767,4345588
4147767,4666641
4147767,4671954
4147767,5055300
4147767,5401516
4147767,5443841
4147767,5447728
4147767,5451410
4147767,5540939
4147767,5541155
4147767,5578323
4147767,5601846
4147767,5629020
4147767,5643957
4147767,5650386
4147767,5667806
4147767,5693338
4147767,5709861
4147767,5714167
4147767,5750147
4147767,5766633
4147767,5792451
4147767,5804688
4147767,5811127
4147767,5820881
4147767,5824345
4147767,5840340
4147767,5863944
4147767,5866536
4147767,5876710
4147767,5879681
4147767,5939381
4147767,5955503
4147767,5958457
4147767,5962710
4147767,5965121
4147767,5972387
4147767,5976569
4147767,5989539
4147767,5990166
4147767,6001347
4183849,5401516
4183849,5447728
4183849,5451410
4183849,5540939
4183849,5541155
4183849,5578323
4183849,5601846
4183849,5629020
4183849,5643957
4183849,5650386
4183849,5667806
4183849,5693338
4183849,5709861
4183849,5714167
4183849,5750147
4183849,5766633
4183849,5792451
4183849,5804688
4183849,5811127
4183849,5820881
4183849,5824345
4183849,5840340
4183849,5863944
4183849,5866536
4183849,5876710
4183849,5879681
4183849,5939381
4183849,5955503
4183849,5958457
4183849,5962710
4183849,5965121
4183849,5972387
4183849,5976569
4183849,5989539
4183849,5990166
4183849,6001347
4217370,4976968
4217370,4983402
4217370,5401516
4217370,5443841
4217370,5447728
4217370,5540939
4217370,5541155
4217370,5578323
4217370,5601846
4217370,5629020
4217370,5643957
4217370,5650386
4217370,5667806
4217370,5693338
4217370,5709861
4217370,5714167
4217370,5750147
4217370,5766633
4217370,5792451
4217370,5804688
4217370,5811127
4217370,5820881
4217370,5824345
4217370,5840340
4217370,5863944
4217370,5866536
4217370,5876710
4217370,5879681
4217370,5939381
4217370,5955503
4217370,5958457
4217370,5962710
4217370,5965121
4217370,5972387
4217370,5976569
4217370,5989539
4217370,5990166
4217370,6001347
4345588,3474777
4345588,3937668
4345588,4147767
4345588,5401516
4345588,5443841
4345588,5447728
4345588,5540939
4345588,5541155
4345588,5578323
4345588,5601846
4345588,5643957
4345588,5650386
4345588,5667806
4345588,5693338
4345588,5709861
4345588,5714167
4345588,5750147
4345588,5766633
4345588,5792451
4345588,5804688
4345588,5811127
4345588,5820881
4345588,5824345
4345588,5840340
4345588,5863944
4345588,5866536
4345588,5876710
4345588,5879681
4345588,5939381
4345588,5955503
4345588,5958457
4345588,5962710
4345588,5965121
4345588,5972387
4345588,5976569
4345588,5989539
4345588,5990166
4345588,6001347
4348384,5401516
4348384,5447728
4348384,5451410
4348384,5540939
4348384,5541155
4348384,5578323
4348384,5601846
4348384,5629020
4348384,5643957
4348384,5650386
4348384,5667806
4348384,5693338
4348384,5709861
4348384,5714167
4348384,5750147
4348384,5766633
4348384,5792451
4348384,5804688
4348384,5811127
4348384,5820881
4348384,5824345
4348384,5840340
4348384,5863944
4348384,5866536
4348384,5876710
4348384,5879681
4348384,5939381
4348384,5955503
4348384,5958457
4348384,5962710
4348384,5965121
4348384,5972387
4348384,5976569
4348384,5989539
4348384,5990166
4348384,6001347
4351337,4450150
4351337,4976968
4351337,4983402
4351337,5401516
4351337,5443841
4351337,5447728
4351337,5540939
4351337,5541155
4351337,5578323
4351337,5601846
4351337,5629020
4351337,5643957
4351337,5650386
4351337,5667806
4351337,5693338
4351337,5709861
4351337,5714167
4351337,5750147
4351337,5766633
4351337,5792451
4351337,5804688
4351337,5811127
4351337,5820881
4351337,5824345
4351337,5840340
4351337,5863944
4351337,5866536
4351337,5876710
4351337,5879681
4351337,5939381
4351337,5955503
4351337,5958457
4351337,5962710
4351337,5965121
4351337,5972387
4351337,5976569
4351337,5989539
4351337,5990166
4351337,6001347
4352883,3725113
4352883,4925673
4352883,5401516
4352883,5447728
4352883,5451410
4352883,5540939
4352883,5541155
4352883,5578323
4352883,5601846
4352883,5629020
4352883,5643957
4352883,5650386
4352883,5667806
4352883,5693338
4352883,5709861
4352883,5714167
4352883,5766633
4352883,5792451
4352883,5804688
4352883,5820881
4352883,5824345
4352883,5840340
4352883,5863944
4352883,5866536
4352883,5876710
4352883,5879681
4352883,5939381
4352883,5955503
4352883,5958457
4352883,5962710
4352883,5965121
4352883,5972387
4352883,5976569
4352883,5989539
4352883,5990166
4352883,6001347
4357259,3474777
4357259,3937668
4357259,4450150
4357259,4671954
4357259,5401516
4357259,5443841
4357259,5447728
4357259,5540939
4357259,5541155
4357259,5578323
4357259,5601846
4357259,5629020
4357259,5643957
4357259,5650386
4357259,5667806
4357259,5693338
4357259,5709861
4357259,5714167
4357259,5750147
4357259,5766633
4357259,5792451
4357259,5804688
4357259,5811127
4357259,5820881
4357259,5824345
4357259,5840340
4357259,5863944
4357259,5866536
4357259,5876710
4357259,5879681
4357259,5939381
4357259,5955503
4357259,5958457
4357259,5962710
4357259,5965121
4357259,5972387
4357259,5976569
4357259,5989539
4357259,5990166
4357259,6001347
4446138,5401516
4446138,5447728
4446138,5451410
4446138,5540939
4446138,5541155
4446138,5578323
4446138,5601846
4446138,5629020
4446138,5643957
4446138,5650386
4446138,5667806
4446138,5693338
4446138,5709861
4446138,5714167
4446138,5750147
4446138,5766633
4446138,5792451
4446138,5804688
4446138,5811127
4446138,5820881
4446138,5824345
4446138,5840340
4446138,5863944
4446138,5866536
4446138,5876710
4446138,5879681
4446138,5939381
4446138,5955503
4446138,5958457
4446138,5962710
4446138,5965121
4446138,5972387
4446138,5976569
4446138,5989539
4446138,5990166
4446138,6001347
4450150,4351337
4450150,4357259
4450150,5401516
4450150,5443841
4450150,5447728
4450150,5540939
4450150,5541155
4450150,5578323
4450150,5601846
4450150,5629020
4450150,5643957
4450150,5650386
4450150,5667806
4450150,5693338
4450150,5709861
4450150,5714167
4450150,5750147
4450150,5766633
4450150,5792451
4450150,5804688
4450150,5811127
4450150,5820881
4450150,5824345
4450150,5840340
4450150,5863944
4450150,5866536
4450150,5876710
4450150,5879681
4450150,5939381
4450150,5955503
4450150,5958457
4450150,5962710
4450150,5965121
4450150,5972387
4450150,5976569
4450150,5989539
4450150,5990166
4450150,6001347
4483807,3576758
4483807,5401516
4483807,5447728
4483807,5451410
4483807,5540939
4483807,5541155
4483807,5578323
4483807,5601846
4483807,5629020
4483807,5643957
4483807,5650386
4483807,5667806
4483807,5693338
4483807,5709861
4483807,5714167
4483807,5750147
4483807,5766633
4483807,5792451
4483807,5804688
4483807,5811127
4483807,5820881
4483807,5824345
4483807,5840340
4483807,5863944
4483807,5866536
4483807,5876710
4483807,5879681
4483807,5939381
4483807,5955503
4483807,5958457
4483807,5962710
4483807,5965121
4483807,5972387
4483807,5976569
4483807,5989539
4483807,5990166
4483807,6001347
4492684,3937668
4492684,4976968
4492684,4983402
4492684,5401516
4492684,5443841
4492684,5447728
4492684,5540939
4492684,5541155
4492684,5578323
4492684,5601846
4492684,5629020
4492684,5643957
4492684,5650386
4492684,5667806
4492684,5693338
4492684,5709861
4492684,5714167
4492684,5750147
4492684,5766633
4492684,5792451
4492684,5804688
4492684,5811127
4492684,5820881
4492684,5824345
4492684,5840340
4492684,5863944
4492684,5866536
4492684,5876710
4492684,5879681
4492684,5939381
4492684,5955503
4492684,5958457
4492684,5962710
4492684,5965121
4492684,5972387
4492684,5976569
4492684,5989539
4492684,5990166
4492684,6001347
4608278,5401516
4608278,5447728
4608278,5451410
4608278,5540939
4608278,5541155
4608278,5578323
4608278,5601846
4608278,5629020
4608278,5643957
4608278,5650386
4608278,5667806
4608278,5693338
4608278,5709861
4608278,5714167
4608278,5750147
4608278,5766633
4608278,5792451
4608278,5804688
4608278,5811127
4608278,5820881
4608278,5824345
4608278,5840340
4608278,5863944
4608278,5866536
4608278,5876710
4608278,5879681
4608278,5939381
4608278,5955503
4608278,5958457
4608278,5962710
4608278,5965121
4608278,5972387
4608278,5976569
4608278,5989539
4608278,5990166
4608278,6001347
4647455,3822348
4647455,4976968
4647455,4983402
4647455,5447728
4647455,5540939
4647455,5541155
4647455,5578323
4647455,5601846
4647455,5643957
4647455,5650386
4647455,5667806
4647455,5693338
4647455,5709861
4647455,5714167
4647455,5750147
4647455,5766633
4647455,5792451
4647455,5804688
4647455,5811127
4647455,5820881
4647455,5824345
4647455,5840340
4647455,5863944
4647455,5866536
4647455,5876710
4647455,5879681
4647455,5939381
4647455,5955503
4647455,5958457
4647455,5962710
4647455,5965121
4647455,5972387
4647455,5976569
4647455,5989539
4647455,5990166
4647455,6001347
4666641,4147767
4666641,5401516
4666641,5443841
4666641,5447728
4666641,5540939
4666641,5541155
4666641,5578323
4666641,5601846
4666641,5629020
4666641,5643957
4666641,5650386
4666641,5667806
4666641,5693338
4666641,5709861
4666641,5714167
4666641,5750147
4666641,5766633
4666641,5792451
4666641,5804688
4666641,5811127
4666641,5820881
4666641,5824345
4666641,5840340
4666641,5863944
4666641,5866536
4666641,5876710
4666641,5879681
4666641,5939381
4666641,5955503
4666641,5958457
4666641,5962710
4666641,5965121
4666641,5972387
4666641,5976569
4666641,5989539
4666641,5990166
4666641,6001347
4671954,4147767
4671954,4357259
4671954,4976968
4671954,4983402
4671954,5401516
4671954,5443841
4671954,5447728
4671954,5540939
4671954,5541155
4671954,5578323
4671954,5601846
4671954,5629020
4671954,5643957
4671954,5650386
4671954,5667806
4671954,5693338
4671954,5709861
4671954,5714167
4671954,5750147
4671954,5766633
4671954,5792451
4671954,5804688
4671954,5811127
4671954,5820881
4671954,5824345
4671954,5840340
4671954,5863944
4671954,5866536
4671954,5876710
4671954,5879681
4671954,5939381
4671954,5955503
4671954,5958457
4671954,5962710
4671954,5965121
4671954,5972387
4671954,5976569
4671954,5989539
4671954,5990166
4671954,6001347
4745161,5204099
4745161,5401516
4745161,5443841
4745161,5447728
4745161,5451410
4745161,5540939
4745161,5541155
4745161,5578323
4745161,5601846
4745161,5629020
4745161,5643957
4745161,5650386
4745161,5667806
4745161,5693338
4745161,5709861
4745161,5714167
4745161,5750147
4745161,5766633
4745161,5792451
4745161,5804688
4745161,5811127
4745161,5820881
4745161,5824345
4745161,5840340
4745161,5863944
4745161,5866536
4745161,5876710
4745161,5879681
4745161,5939381
4745161,5955503
4745161,5958457
4745161,5962710
4745161,5965121
4745161,5972387
4745161,5976569
4745161,5989539
4745161,5990166
4745161,6001347
4753804,4976968
4753804,4983402
4753804,5401516
4753804,5447728
4753804,5451410
4753804,5540939
4753804,5541155
4753804,5578323
4753804,5601846
4753804,5629020
4753804,5643957
4753804,5650386
4753804,5667806
4753804,5693338
4753804,5709861
4753804,5714167
4753804,5750147
4753804,5766633
4753804,5792451
4753804,5804688
4753804,5811127
4753804,5820881
4753804,5824345
4753804,5840340
4753804,5863944
4753804,5866536
4753804,5876710
4753804,5879681
4753804,5939381
4753804,5955503
4753804,5958457
4753804,5962710
4753804,5965121
4753804,5972387
4753804,5976569
4753804,5989539
4753804,5990166
4753804,6001347
4757007,5401516
4757007,5447728
4757007,5451410
4757007,5540939
4757007,5541155
4757007,5578323
4757007,5601846
4757007,5629020
4757007,5643957
4757007,5650386
4757007,5667806
4757007,5693338
4757007,5709861
4757007,5714167
4757007,5750147
4757007,5766633
4757007,5792451
4757007,5804688
4757007,5811127
4757007,5820881
4757007,5824345
4757007,5840340
4757007,5863944
4757007,5866536
4757007,5876710
4757007,5879681
4757007,5939381
4757007,5955503
4757007,5958457
4757007,5962710
4757007,5965121
4757007,5972387
4757007,5976569
4757007,5989539
4757007,5990166
4757007,6001347
4774320,4963364
4774320,4976968
4774320,4983402
4774320,5447728
4774320,5540939
4774320,5541155
4774320,5578323
4774320,5601846
4774320,5643957
4774320,5650386
4774320,5667806
4774320,5693338
4774320,5709861
4774320,5714167
4774320,5750147
4774320,5766633
4774320,5792451
4774320,5804688
4774320,5811127
4774320,5820881
4774320,5824345
4774320,5840340
4774320,5863944
4774320,5866536
4774320,5876710
4774320,5879681
4774320,5939381
4774320,5955503
4774320,5958457
4774320,5962710
4774320,5965121
4774320,5972387
4774320,5976569
4774320,5989539
4774320,5990166
4774320,6001347
4844904,4963364
4844904,4976968
4844904,4983402
4844904,5447728
4844904,5540939
4844904,5541155
4844904,5578323
4844904,5601846
4844904,5643957
4844904,5650386
4844904,5667806
4844904,5693338
4844904,5709861
4844904,5714167
4844904,5750147
4844904,5766633
4844904,5792451
4844904,5804688
4844904,5811127
4844904,5820881
4844904,5824345
4844904,5840340
4844904,5863944
4844904,5866536
4844904,5876710
4844904,5879681
4844904,5939381
4844904,5955503
4844904,5958457
4844904,5962710
4844904,5965121
4844904,5972387
4844904,5976569
4844904,5989539
4844904,5990166
4844904,6001347
4895725,5401516
4895725,5443841
4895725,5447728
4895725,5451410
4895725,5540939
4895725,5541155
4895725,5578323
4895725,5601846
4895725,5629020
4895725,5643957
4895725,5650386
4895725,5667806
4895725,5693338
4895725,5709861
4895725,5714167
4895725,5750147
4895725,5766633
4895725,5792451
4895725,5804688
4895725,5811127
4895725,5820881
4895725,5824345
4895725,5840340
4895725,5863944
4895725,5866536
4895725,5876710
4895725,5879681
4895725,5939381
4895725,5958457
4895725,5962710
4895725,5965121
4895725,5972387
4895725,5976569
4895725,5989539
4895725,5990166
4895725,6001347
4925673,3962416
4925673,4352883
4925673,5401516
4925673,5443841
4925673,5447728
4925673,5451410
4925673,5540939
4925673,5541155
4925673,5578323
4925673,5601846
4925673,5629020
4925673,5643957
4925673,5667806
4925673,5693338
4925673,5709861
4925673,5714167
4925673,5750147
4925673,5766633
4925673,5792451
4925673,5804688
4925673,5811127
4925673,5820881
4925673,5824345
4925673,5840340
4925673,5863944
4925673,5866536
4925673,5876710
4925673,5879681
4925673,5939381
4925673,5955503
4925673,5958457
4925673,5962710
4925673,5965121
4925673,5972387
4925673,5976569
4925673,5989539
4925673,5990166
4925673,6001347
4963364,3052655
4963364,3076790
4963364,4774320
4963364,4844904
4963364,5401516
4963364,5443841
4963364,5447728
4963364,5540939
4963364,5541155
4963364,5578323
4963364,5601846
4963364,5629020
4963364,5643957
4963364,5650386
4963364,5667806
4963364,5693338
4963364,5709861
4963364,5714167
4963364,5750147
4963364,5766633
4963364,5792451
4963364,5804688
4963364,5811127
4963364,5820881
4963364,5824345
4963364,5840340
4963364,5863944
4963364,5866536
4963364,5876710
4963364,5879681
4963364,5939381
4963364,5955503
4963364,5958457
4963364,5962710
4963364,5965121
4963364,5972387
4963364,5976569
4963364,5989539
4963364,5990166
4963364,6001347
4976968,3052655
4976968,3076790
4976968,3576758
4976968,3794561
4976968,3822348
4976968,3962416
4976968,4217370
4976968,4351337
4976968,4492684
4976968,4647455
4976968,4671954
4976968,4753804
4976968,4774320
4976968,4844904
4976968,5401516
4976968,5443841
4976968,5447728
4976968,5451410
4976968,5540939
4976968,5541155
4976968,5578323
4976968,5601846
4976968,5629020
4976968,5643957
4976968,5650386
4976968,5667806
4976968,5693338
4976968,5709861
4976968,5714167
4976968,5750147
4976968,5766633
4976968,5792451
4976968,5804688
4976968,5811127
4976968,5820881
4976968,5824345
4976968,5840340
4976968,5863944
4976968,5866536
4976968,5876710
4976968,5879681
4976968,5939381
4976968,5955503
4976968,5958457
4976968,5962710
4976968,5965121
4976968,5972387
4976968,5976569
4976968,5989539
4976968,5990166
4976968,6001347
4983402,3052655
4983402,3076790
4983402,3576758
4983402,3794561
4983402,3822348
4983402,3962416
4983402,4217370
4983402,4351337
4983402,4492684
4983402,4647455
4983402,4671954
4983402,4753804
4983402,4774320
4983402,4844904
4983402,5401516
4983402,5443841
4983402,5447728
4983402,5451410
4983402,5540939
4983402,5541155
4983402,5578323
4983402,5601846
4983402,5629020
4983402,5643957
4983402,5650386
4983402,5667806
4983402,5693338
4983402,5709861
4983402,5714167
4983402,5750147
4983402,5766633
4983402,5792451
4983402,5804688
4983402,5811127
4983402,5820881
4983402,5824345
4983402,5840340
4983402,5863944
4983402,5866536
4983402,5876710
4983402,5879681
4983402,5939381
4983402,5955503
4983402,5958457
4983402,5962710
4983402,5965121
4983402,5972387
4983402,5976569
4983402,5989539
4983402,5990166
4983402,6001347
5055300,4147767
5055300,5401516
5055300,5447728
5055300,5451410
5055300,5540939
5055300,5541155
5055300,5578323
5055300,5601846
5055300,5629020
5055300,5643957
5055300,5650386
5055300,5667806
5055300,5693338
5055300,5709861
5055300,5714167
5055300,5750147
5055300,5766633
5055300,5792451
5055300,5804688
5055300,5811127
5055300,5820881
5055300,5824345
5055300,5840340
5055300,5863944
5055300,5866536
5055300,5876710
5055300,5879681
5055300,5939381
5055300,5955503
5055300,5958457
5055300,5962710
5055300,5965121
5055300,5972387
5055300,5976569
5055300,5989539
5055300,5990166
5055300,6001347
5069936,5401516
5069936,5447728
5069936,5451410
5069936,5540939
5069936,5541155
5069936,5578323
5069936,5601846
5069936,5629020
5069936,5643957
5069936,5650386
5069936,5667806
5069936,5693338
5069936,5709861
5069936,5714167
5069936,5750147
5069936,5766633
5069936,5792451
5069936,5804688
5069936,5811127
5069936,5820881
5069936,5824345
5069936,5840340
5069936,5863944
5069936,5866536
5069936,5876710
5069936,5879681
5069936,5939381
5069936,5955503
5069936,5958457
5069936,5962710
5069936,5965121
5069936,5972387
5069936,5976569
5069936,5989539
5069936,5990166
5069936,6001347
5100669,5401516
5100669,5447728
5100669,5451410
5100669,5540939
5100669,5541155
5100669,5578323
5100669,5601846
5100669,5629020
5100669,5643957
5100669,5650386
5100669,5667806
5100669,5693338
5100669,5709861
5100669,5714167
5100669,5750147
5100669,5766633
5100669,5792451
5100669,5804688
5100669,5811127
5100669,5820881
5100669,5824345
5100669,5840340
5100669,5863944
5100669,5866536
5100669,5876710
5100669,5879681
5100669,5939381
5100669,5955503
5100669,5958457
5100669,5962710
5100669,5965121
5100669,5972387
5100669,5976569
5100669,5989539
5100669,5990166
5100669,6001347
5204099,3076790
5204099,4745161
5204099,5401516
5204099,5443841
5204099,5447728
5204099,5451410
5204099,5540939
5204099,5541155
5204099,5578323
5204099,5601846
5204099,5629020
5204099,5643957
5204099,5650386
5204099,5667806
5204099,5693338
5204099,5709861
5204099,5714167
5204099,5750147
5204099,5766633
5204099,5792451
5204099,5804688
5204099,5811127
5204099,5820881
5204099,5824345
5204099,5840340
5204099,5863944
5204099,5866536
5204099,5876710
5204099,5879681
5204099,5939381
5204099,5955503
5204099,5958457
5204099,5962710
5204099,5965121
5204099,5972387
5204099,5976569
5204099,5989539
5204099,5990166
5204099,6001347
5250236,5401516
5250236,5447728
5250236,5451410
5250236,5540939
5250236,5541155
5250236,5578323
5250236,5601846
5250236,5629020
5250236,5643957
5250236,5650386
5250236,5667806
5250236,5693338
5250236,5709861
5250236,5714167
5250236,5750147
5250236,5766633
5250236,5792451
5250236,5804688
5250236,5811127
5250236,5820881
5250236,5824345
5250236,5840340
5250236,5863944
5250236,5866536
5250236,5876710
5250236,5879681
5250236,5939381
5250236,5955503
5250236,5958457
5250236,5962710
5250236,5965121
5250236,5972387
5250236,5976569
5250236,5989539
5250236,5990166
5250236,6001347
5401516,2671451
5401516,2862918
5401516,2868740
5401516,2971916
5401516,3016308
5401516,3057344
5401516,3170802
5401516,3190837
5401516,3474777
5401516,3565559
5401516,3576758
5401516,3725113
5401516,3849550
5401516,3937668
5401516,4048268
5401516,4147767
5401516,4183849
5401516,4217370
5401516,4345588
5401516,4348384
5401516,4351337
5401516,4352883
5401516,4357259
5401516,4446138
5401516,4450150
5401516,4483807
5401516,4492684
5401516,4608278
5401516,4666641
5401516,4671954
5401516,4745161
5401516,4753804
5401516,4757007
5401516,4895725
5401516,4925673
5401516,4963364
5401516,4976968
5401516,4983402
5401516,5055300
5401516,5069936
5401516,5100669
5401516,5204099
5401516,5250236
5401516,5792451
5401516,5804688
5401516,5863944
5401516,5866536
5401516,5876710
5401516,5879681
5401516,5939381
5401516,5955503
5401516,5962710
5401516,5965121
5401516,5976569
5401516,5989539
5401516,5990166
5401516,6001347
5443841,2671451
5443841,2971916
5443841,3016308
5443841,3057344
5443841,3190837
5443841,3474777
5443841,3576758
5443841,3725113
5443841,3849550
5443841,3937668
5443841,4147767
5443841,4217370
5443841,4345588
5443841,4351337
5443841,4357259
5443841,4450150
5443841,4492684
5443841,4666641
5443841,4671954
5443841,4745161
5443841,4895725
5443841,4925673
5443841,4963364
5443841,4976968
5443841,4983402
5443841,5204099
5443841,5792451
5443841,5804688
5443841,5811127
5443841,5863944
5443841,5866536
5443841,5876710
5443841,5879681
5443841,5939381
5443841,5955503
5443841,5962710
5443841,5965121
5443841,5976569
5443841,5989539
5443841,5990166
5443841,6001347
5447728,2671451
5447728,2862918
5447728,2868740
5447728,2971916
5447728,3016308
5447728,3052655
5447728,3057344
5447728,3076790
5447728,3170802
5447728,3190837
5447728,3474777
5447728,3565559
5447728,3576758
5447728,3725113
5447728,3794561
5447728,3822348
5447728,3849550
5447728,3937668
5447728,3962416
5447728,4048268
5447728,4147767
5447728,4183849
5447728,4217370
5447728,4345588
5447728,4348384
5447728,4351337
5447728,4352883
5447728,4357259
5447728,4446138
5447728,4450150
5447728,4483807
5447728,4492684
5447728,4608278
5447728,4647455
5447728,4666641
5447728,4671954
5447728,4745161
5447728,4753804
5447728,4757007
5447728,4774320
5447728,4844904
5447728,4895725
5447728,4925673
5447728,4963364
5447728,4976968
5447728,4983402
5447728,5055300
5447728,5069936
5447728,5100669
5447728,5204099
5447728,5250236
5447728,5792451
5447728,5804688
5447728,5811127
5447728,5863944
5447728,5866536
5447728,5876710
5447728,5879681
5447728,5939381
5447728,5955503
5447728,5962710
5447728,5965121
5447728,5976569
5447728,5989539
5447728,5990166
5447728,6001347
5451410,2862918
5451410,2868740
5451410,3170802
5451410,3565559
5451410,3849550
5451410,4048268
5451410,4147767
5451410,4183849
5451410,4348384
5451410,4352883
5451410,4446138
5451410,4483807
5451410,4608278
5451410,4745161
5451410,4753804
5451410,4757007
5451410,4895725
5451410,4925673
5451410,4976968
5451410,4983402
5451410,5055300
5451410,5069936
5451410,5100669
5451410,5204099
5451410,5250236
5451410,5629020
5451410,5650386
5451410,5709861
5451410,5766633
5451410,5792451
5451410,5804688
5451410,5811127
5451410,5863944
5451410,5866536
5451410,5876710
5451410,5879681
5451410,5939381
5451410,5955503
5451410,5958457
5451410,5962710
5451410,5965121
5451410,5972387
5451410,5976569
5451410,5989539
5451410,5990166
5451410,6001347
5540939,2671451
5540939,2862918
5540939,2868740
5540939,2971916
5540939,3016308
5540939,3052655
5540939,3057344
5540939,3076790
5540939,3170802
5540939,3190837
5540939,3474777
5540939,3565559
5540939,3576758
5540939,3725113
5540939,3794561
5540939,3822348
5540939,3849550
5540939,3937668
5540939,3962416
5540939,4048268
5540939,4147767
5540939,4183849
5540939,4217370
5540939,4345588
5540939,4348384
5540939,4351337
5540939,4352883
5540939,4357259
5540939,4446138
5540939,4450150
5540939,4483807
5540939,4492684
5540939,4608278
5540939,4647455
5540939,4666641
5540939,4671954
5540939,4745161
5540939,4753804
5540939,4757007
5540939,4774320
5540939,4844904
5540939,4895725
5540939,4925673
5540939,4963364
5540939,4976968
5540939,4983402
5540939,5055300
5540939,5069936
5540939,5100669
5540939,5204099
5540939,5250236
5540939,5792451
5540939,5804688
5540939,5863944
5540939,5866536
5540939,5876710
5540939,5879681
5540939,5939381
5540939,5955503
5540939,5962710
5540939,5965121
5540939,5972387
5540939,5976569
5540939,5989539
5540939,5990166
5540939,6001347
5541155,2671451
5541155,2862918
5541155,2868740
5541155,2971916
5541155,3016308
5541155,3052655
5541155,3057344
5541155,3076790
5541155,3170802
5541155,3190837
5541155,3474777
5541155,3565559
5541155,3576758
5541155,3725113
5541155,3794561
5541155,3822348
5541155,3849550
5541155,3937668
5541155,3962416
5541155,4048268
5541155,4147767
5541155,4183849
5541155,4217370
5541155,4345588
5541155,4348384
5541155,4351337
5541155,4352883
5541155,4357259
5541155,4446138
5541155,4450150
5541155,4483807
5541155,4492684
5541155,4608278
5541155,4647455
5541155,4666641
5541155,4671954
5541155,4745161
5541155,4753804
5541155,4757007
5541155,4774320
5541155,4844904
5541155,4895725
5541155,4925673
5541155,4963364
5541155,4976968
5541155,4983402
5541155,5055300
5541155,5069936
5541155,5100669
5541155,5204099
5541155,5250236
5541155,5804688
5541155,5863944
5541155,5866536
5541155,5876710
5541155,5879681
5541155,5939381
5541155,5955503
5541155,5962710
5541155,5965121
5541155,5976569
5541155,5989539
5541155,5990166
5541155,6001347
5578323,2671451
5578323,2862918
5578323,2868740
5578323,2971916
5578323,3016308
5578323,3052655
5578323,3057344
5578323,3076790
5578323,3170802
5578323,3190837
5578323,3474777
5578323,3565559
5578323,3576758
5578323,3725113
5578323,3794561
5578323,3822348
5578323,3849550
5578323,3937668
5578323,3962416
5578323,4048268
5578323,4147767
5578323,4183849
5578323,4217370
5578323,4345588
5578323,4348384
5578323,4351337
5578323,4352883
5578323,4357259
5578323,4446138
5578323,4450150
5578323,4483807
5578323,4492684
5578323,4608278
5578323,4647455
5578323,4666641
5578323,4671954
5578323,4745161
5578323,4753804
5578323,4757007
5578323,4774320
5578323,4844904
5578323,4895725
5578323,4925673
5578323,4963364
5578323,4976968
5578323,4983402
5578323,5055300
5578323,5069936
5578323,5100669
5578323,5204099
5578323,5250236
5578323,5714167
5578323,5792451
5578323,5804688
5578323,5811127
5578323,5840340
5578323,5863944
5578323,5866536
5578323,5876710
5578323,5879681
5578323,5939381
5578323,5955503
5578323,5958457
5578323,5962710
5578323,5965121
5578323,5972387
5578323,5976569
5578323,5989539
5578323,5990166
5578323,6001347
5601846,2671451
5601846,2862918
5601846,2868740
5601846,2971916
5601846,3016308
5601846,3052655
5601846,3057344
5601846,3076790
5601846,3170802
5601846,3190837
5601846,3474777
5601846,3565559
5601846,3576758
5601846,3725113
5601846,3794561
5601846,3822348
5601846,3849550
5601846,3937668
5601846,3962416
5601846,4048268
5601846,4147767
5601846,4183849
5601846,4217370
5601846,4345588
5601846,4348384
5601846,4351337
5601846,4352883
5601846,4357259
5601846,4446138
5601846,4450150
5601846,4483807
5601846,4492684
5601846,4608278
5601846,4647455
5601846,4666641
5601846,4671954
5601846,4745161
5601846,4753804
5601846,4757007
5601846,4774320
5601846,4844904
5601846,4895725
5601846,4925673
5601846,4963364
5601846,4976968
5601846,4983402
5601846,5055300
5601846,5069936
5601846,5100669
5601846,5204099
5601846,5250236
5601846,5714167
5601846,5792451
5601846,5804688
5601846,5811127
5601846,5840340
5601846,5863944
5601846,5866536
5601846,5876710
5601846,5879681
5601846,5939381
5601846,5955503
5601846,5958457
5601846,5962710
5601846,5965121
5601846,5972387
5601846,5976569
5601846,5989539
5601846,5990166
5601846,6001347
5629020,2671451
5629020,2862918
5629020,2868740
5629020,2971916
5629020,3016308
5629020,3052655
5629020,3057344
5629020,3076790
5629020,3170802
5629020,3190837
5629020,3474777
5629020,3565559
5629020,3576758
5629020,3725113
5629020,3794561
5629020,3822348
5629020,3849550
5629020,3937668
5629020,3962416
5629020,4048268
5629020,4147767
5629020,4183849
5629020,4217370
5629020,4348384
5629020,4351337
5629020,4352883
5629020,4357259
5629020,4446138
5629020,4450150
5629020,4483807
5629020,4492684
5629020,4608278
5629020,4666641
5629020,4671954
5629020,4745161
5629020,4753804
5629020,4757007
5629020,4895725
5629020,4925673
5629020,4963364
5629020,4976968
5629020,4983402
5629020,5055300
5629020,5069936
5629020,5100669
5629020,5204099
5629020,5250236
5629020,5451410
5629020,5804688
5629020,5863944
5629020,5962710
5629020,5976569
5629020,5989539
5629020,5990166
5643957,2671451
5643957,2862918
5643957,2868740
5643957,2971916
5643957,3016308
5643957,3052655
5643957,3057344
5643957,3076790
5643957,3170802
5643957,3190837
5643957,3474777
5643957,3565559
5643957,3576758
5643957,3725113
5643957,3794561
5643957,3822348
5643957,3849550
5643957,3937668
5643957,3962416
5643957,4048268
5643957,4147767
5643957,4183849
5643957,4217370
5643957,4345588
5643957,4348384
5643957,4351337
5643957,4352883
5643957,4357259
5643957,4446138
5643957,4450150
5643957,4483807
5643957,4492684
5643957,4608278
5643957,4647455
5643957,4666641
5643957,4671954
5643957,4745161
5643957,4753804
5643957,4757007
5643957,4774320
5643957,4844904
5643957,4895725
5643957,4925673
5643957,4963364
5643957,4976968
5643957,4983402
5643957,5055300
5643957,5069936
5643957,5100669
5643957,5204099
5643957,5250236
5643957,5804688
5643957,5863944
5643957,5866536
5643957,5879681
5643957,5962710
5643957,5965121
5643957,5976569
5643957,5989539
5643957,5990166
5643957,6001347
5650386,2671451
5650386,2862918
5650386,2868740
5650386,2971916
5650386,3016308
5650386,3052655
5650386,3057344
5650386,3076790
5650386,3170802
5650386,3190837
5650386,3474777
5650386,3565559
5650386,3576758
5650386,3725113
5650386,3794561
5650386,3822348
5650386,3849550
5650386,3937668
5650386,3962416
5650386,4048268
5650386,4147767
5650386,4183849
5650386,4217370
5650386,4345588
5650386,4348384
5650386,4351337
5650386,4352883
5650386,4357259
5650386,4446138
5650386,4450150
5650386,4483807
5650386,4492684
5650386,4608278
5650386,4647455
5650386,4666641
5650386,4671954
5650386,4745161
5650386,4753804
5650386,4757007
5650386,4774320
5650386,4844904
5650386,4895725
5650386,4963364
5650386,4976968
5650386,4983402
5650386,5055300
5650386,5069936
5650386,5100669
5650386,5204099
5650386,5250236
5650386,5451410
5650386,5804688
5650386,5863944
5650386,5866536
5650386,5879681
5650386,5962710
5650386,5976569
5650386,5989539
5650386,5990166
5667806,2671451
5667806,2862918
5667806,2868740
5667806,2971916
5667806,3016308
5667806,3052655
5667806,3057344
5667806,3076790
5667806,3170802
5667806,3190837
5667806,3474777
5667806,3565559
5667806,3576758
5667806,3725113
5667806,3794561
5667806,3822348
5667806,3849550
5667806,3937668
5667806,3962416
5667806,4048268
5667806,4147767
5667806,4183849
5667806,4217370
5667806,4345588
5667806,4348384
5667806,4351337
5667806,4352883
5667806,4357259
5667806,4446138
5667806,4450150
5667806,4483807
5667806,4492684
5667806,4608278
5667806,4647455
5667806,4666641
5667806,4671954
5667806,4745161
5667806,4753804
5667806,4757007
5667806,4774320
5667806,4844904
5667806,4895725
5667806,4925673
5667806,4963364
5667806,4976968
5667806,4983402
5667806,5055300
5667806,5069936
5667806,5100669
5667806,5204099
5667806,5250236
5667806,5804688
5667806,5863944
5667806,5866536
5667806,5962710
5667806,5965121
5667806,5976569
5667806,5989539
5667806,5990166
5667806,6001347
5693338,2671451
5693338,2862918
5693338,2868740
5693338,2971916
5693338,3016308
5693338,3052655
5693338,3057344
5693338,3076790
5693338,3170802
5693338,3190837
5693338,3474777
5693338,3565559
5693338,3576758
5693338,3725113
5693338,3794561
5693338,3822348
5693338,3849550
5693338,3937668
5693338,3962416
5693338,4048268
5693338,4147767
5693338,4183849
5693338,4217370
5693338,4345588
5693338,4348384
5693338,4351337
5693338,4352883
5693338,4357259
5693338,4446138
5693338,4450150
5693338,4483807
5693338,4492684
5693338,4608278
5693338,4647455
5693338,4666641
5693338,4671954
5693338,4745161
5693338,4753804
5693338,4757007
5693338,4774320
5693338,4844904
5693338,4895725
5693338,4925673
5693338,4963364
5693338,4976968
5693338,4983402
5693338,5055300
5693338,5069936
5693338,5100669
5693338,5204099
5693338,5250236
5693338,5863944
5693338,5962710
5693338,5989539
5693338,5990166
5709861,2671451
5709861,2862918
5709861,2868740
5709861,2971916
5709861,3016308
5709861,3052655
5709861,3057344
5709861,3076790
5709861,3170802
5709861,3190837
5709861,3474777
5709861,3565559
5709861,3576758
5709861,3725113
5709861,3794561
5709861,3822348
5709861,3849550
5709861,3937668
5709861,3962416
5709861,4048268
5709861,4147767
5709861,4183849
5709861,4217370
5709861,4345588
5709861,4348384
5709861,4351337
5709861,4352883
5709861,4357259
5709861,4446138
5709861,4450150
5709861,4483807
5709861,4492684
5709861,4608278
5709861,4647455
5709861,4666641
5709861,4671954
5709861,4745161
5709861,4753804
5709861,4757007
5709861,4774320
5709861,4844904
5709861,4895725
5709861,4925673
5709861,4963364
5709861,4976968
5709861,4983402
5709861,5055300
5709861,5069936
5709861,5100669
5709861,5204099
5709861,5250236
5709861,5451410
5709861,5863944
5709861,5962710
5709861,5989539
5709861,5990166
5714167,2671451
5714167,2862918
5714167,2868740
5714167,2971916
5714167,3016308
5714167,3052655
5714167,3057344
5714167,3076790
5714167,3170802
5714167,3190837
5714167,3474777
5714167,3565559
5714167,3576758
5714167,3725113
5714167,3794561
5714167,3822348
5714167,3849550
5714167,3937668
5714167,3962416
5714167,4048268
5714167,4147767
5714167,4183849
5714167,4217370
5714167,4345588
5714167,4348384
5714167,4351337
5714167,4352883
5714167,4357259
5714167,4446138
5714167,4450150
5714167,4483807
5714167,4492684
5714167,4608278
5714167,4647455
5714167,4666641
5714167,4671954
5714167,4745161
5714167,4753804
5714167,4757007
5714167,4774320
5714167,4844904
5714167,4895725
5714167,4925673
5714167,4963364
5714167,4976968
5714167,4983402
5714167,5055300
5714167,5069936
5714167,5100669
5714167,5204099
5714167,5250236
5714167,5578323
5714167,5601846
5714167,5863944
5714167,5962710
5714167,5989539
5714167,5990166
5750147,2671451
5750147,2862918
5750147,2868740
5750147,2971916
5750147,3016308
5750147,3052655
5750147,3057344
5750147,3076790
5750147,3170802
5750147,3190837
5750147,3474777
5750147,3565559
5750147,3576758
5750147,3725113
5750147,3794561
5750147,3822348
5750147,3849550
5750147,3937668
5750147,3962416
5750147,4048268
5750147,4147767
5750147,4183849
5750147,4217370
5750147,4345588
5750147,4348384
5750147,4351337
5750147,4357259
5750147,4446138
5750147,4450150
5750147,4483807
5750147,4492684
5750147,4608278
5750147,4647455
5750147,4666641
5750147,4671954
5750147,4745161
5750147,4753804
5750147,4757007
5750147,4774320
5750147,4844904
5750147,4895725
5750147,4925673
5750147,4963364
5750147,4976968
5750147,4983402
5750147,5055300
5750147,5069936
5750147,5100669
5750147,5204099
5750147,5250236
5750147,5863944
5750147,5962710
5750147,5989539
5750147,5990166
5766633,2671451
5766633,2862918
5766633,2868740
5766633,2971916
5766633,3016308
5766633,3052655
5766633,3057344
5766633,3076790
5766633,3170802
5766633,3190837
5766633,3474777
5766633,3565559
5766633,3576758
5766633,3725113
5766633,3794561
5766633,3822348
5766633,3849550
5766633,3937668
5766633,3962416
5766633,4048268
5766633,4147767
5766633,4183849
5766633,4217370
5766633,4345588
5766633,4348384
5766633,4351337
5766633,4352883
5766633,4357259
5766633,4446138
5766633,4450150
5766633,4483807
5766633,4492684
5766633,4608278
5766633,4647455
5766633,4666641
5766633,4671954
5766633,4745161
5766633,4753804
5766633,4757007
5766633,4774320
5766633,4844904
5766633,4895725
5766633,4925673
5766633,4963364
5766633,4976968
5766633,4983402
5766633,5055300
5766633,5069936
5766633,5100669
5766633,5204099
5766633,5250236
5766633,5451410
5792451,2671451
5792451,2862918
5792451,2868740
5792451,2971916
5792451,3016308
5792451,3052655
5792451,3057344
5792451,3076790
5792451,3170802
5792451,3190837
5792451,3474777
5792451,3565559
5792451,3576758
5792451,3725113
5792451,3794561
5792451,3822348
5792451,3849550
5792451,3937668
5792451,3962416
5792451,4048268
5792451,4147767
5792451,4183849
5792451,4217370
5792451,4345588
5792451,4348384
5792451,4351337
5792451,4352883
5792451,4357259
5792451,4446138
5792451,4450150
5792451,4483807
5792451,4492684
5792451,4608278
5792451,4647455
5792451,4666641
5792451,4671954
5792451,4745161
5792451,4753804
5792451,4757007
5792451,4774320
5792451,4844904
5792451,4895725
5792451,4925673
5792451,4963364
5792451,4976968
5792451,4983402
5792451,5055300
5792451,5069936
5792451,5100669
5792451,5204099
5792451,5250236
5792451,5401516
5792451,5443841
5792451,5447728
5792451,5451410
5792451,5540939
5792451,5578323
5792451,5601846
5804688,2671451
5804688,2862918
5804688,2868740
5804688,2971916
5804688,3016308
5804688,3052655
5804688,3057344
5804688,3076790
5804688,3170802
5804688,3190837
5804688,3474777
5804688,3565559
5804688,3576758
5804688,3725113
5804688,3794561
5804688,3822348
5804688,3849550
5804688,3937668
5804688,3962416
5804688,4048268
5804688,4147767
5804688,4183849
5804688,4217370
5804688,4345588
5804688,4348384
5804688,4351337
5804688,4352883
5804688,4357259
5804688,4446138
5804688,4450150
5804688,4483807
5804688,4492684
5804688,4608278
5804688,4647455
5804688,4666641
5804688,4671954
5804688,4745161
5804688,4753804
5804688,4757007
5804688,4774320
5804688,4844904
5804688,4895725
5804688,4925673
5804688,4963364
5804688,4976968
5804688,4983402
5804688,5055300
5804688,5069936
5804688,5100669
5804688,5204099
5804688,5250236
5804688,5401516
5804688,5443841
5804688,5447728
5804688,5451410
5804688,5540939
5804688,5541155
5804688,5578323
5804688,5601846
5804688,5629020
5804688,5643957
5804688,5650386
5804688,5667806
5811127,2671451
5811127,2862918
5811127,2868740
5811127,2971916
5811127,3016308
5811127,3052655
5811127,3057344
5811127,3076790
5811127,3170802
5811127,3190837
5811127,3474777
5811127,3565559
5811127,3576758
5811127,3725113
5811127,3794561
5811127,3822348
5811127,3849550
5811127,3937668
5811127,3962416
5811127,4048268
5811127,4147767
5811127,4183849
5811127,4217370
5811127,4345588
5811127,4348384
5811127,4351337
5811127,4357259
5811127,4446138
5811127,4450150
5811127,4483807
5811127,4492684
5811127,4608278
5811127,4647455
5811127,4666641
5811127,4671954
5811127,4745161
5811127,4753804
5811127,4757007
5811127,4774320
5811127,4844904
5811127,4895725
5811127,4925673
5811127,4963364
5811127,4976968
5811127,4983402
5811127,5055300
5811127,5069936
5811127,5100669
5811127,5204099
5811127,5250236
5811127,5443841
5811127,5447728
5811127,5451410
5811127,5578323
5811127,5601846
5820881,2671451
5820881,2862918
5820881,2868740
5820881,2971916
5820881,3016308
5820881,3052655
5820881,3057344
5820881,3076790
5820881,3170802
5820881,3190837
5820881,3474777
5820881,3565559
5820881,3576758
5820881,3725113
5820881,3794561
5820881,3822348
5820881,3849550
5820881,3937668
5820881,3962416
5820881,4048268
5820881,4147767
5820881,4183849
5820881,4217370
5820881,4345588
5820881,4348384
5820881,4351337
5820881,4352883
5820881,4357259
5820881,4446138
5820881,4450150
5820881,4483807
5820881,4492684
5820881,4608278
5820881,4647455
5820881,4666641
5820881,4671954
5820881,4745161
5820881,4753804
5820881,4757007
5820881,4774320
5820881,4844904
5820881,4895725
5820881,4925673
5820881,4963364
5820881,4976968
5820881,4983402
5820881,5055300
5820881,5069936
5820881,5100669
5820881,5204099
5820881,5250236
5824345,2671451
5824345,2862918
5824345,2868740
5824345,2971916
5824345,3016308
5824345,3052655
5824345,3057344
5824345,3076790
5824345,3170802
5824345,3190837
5824345,3474777
5824345,3565559
5824345,3576758
5824345,3725113
5824345,3794561
5824345,3822348
5824345,3849550
5824345,3937668
5824345,3962416
5824345,4048268
5824345,4147767
5824345,4183849
5824345,4217370
5824345,4345588
5824345,4348384
5824345,4351337
5824345,4352883
5824345,4357259
5824345,4446138
5824345,4450150
5824345,4483807
5824345,4492684
5824345,4608278
5824345,4647455
5824345,4666641
5824345,4671954
5824345,4745161
5824345,4753804
5824345,4757007
5824345,4774320
5824345,4844904
5824345,4895725
5824345,4925673
5824345,4963364
5824345,4976968
5824345,4983402
5824345,5055300
5824345,5069936
5824345,5100669
5824345,5204099
5824345,5250236
5840340,2671451
5840340,2862918
5840340,2868740
5840340,2971916
5840340,3016308
5840340,3052655
5840340,3057344
5840340,3076790
5840340,3170802
5840340,3190837
5840340,3474777
5840340,3565559
5840340,3576758
5840340,3725113
5840340,3794561
5840340,3822348
5840340,3849550
5840340,3937668
5840340,3962416
5840340,4048268
5840340,4147767
5840340,4183849
5840340,4217370
5840340,4345588
5840340,4348384
5840340,4351337
5840340,4352883
5840340,4357259
5840340,4446138
5840340,4450150
5840340,4483807
5840340,4492684
5840340,4608278
5840340,4647455
5840340,4666641
5840340,4671954
5840340,4745161
5840340,4753804
5840340,4757007
5840340,4774320
5840340,4844904
5840340,4895725
5840340,4925673
5840340,4963364
5840340,4976968
5840340,4983402
5840340,5055300
5840340,5069936
5840340,5100669
5840340,5204099
5840340,5250236
5840340,5578323
5840340,5601846
5863944,2671451
5863944,2862918
5863944,2868740
5863944,2971916
5863944,3016308
5863944,3052655
5863944,3057344
5863944,3076790
5863944,3170802
5863944,3190837
5863944,3474777
5863944,3565559
5863944,3576758
5863944,3725113
5863944,3794561
5863944,3822348
5863944,3849550
5863944,3937668
5863944,3962416
5863944,4048268
5863944,4147767
5863944,4183849
5863944,4217370
5863944,4345588
5863944,4348384
5863944,4351337
5863944,4352883
5863944,4357259
5863944,4446138
5863944,4450150
5863944,4483807
5863944,4492684
5863944,4608278
5863944,4647455
5863944,4666641
5863944,4671954
5863944,4745161
5863944,4753804
5863944,4757007
5863944,4774320
5863944,4844904
5863944,4895725
5863944,4925673
5863944,4963364
5863944,4976968
5863944,4983402
5863944,5055300
5863944,5069936
5863944,5100669
5863944,5204099
5863944,5250236
5863944,5401516
5863944,5443841
5863944,5447728
5863944,5451410
5863944,5540939
5863944,5541155
5863944,5578323
5863944,5601846
5863944,5629020
5863944,5643957
5863944,5650386
5863944,5667806
5863944,5693338
5863944,5709861
5863944,5714167
5863944,5750147
5866536,2671451
5866536,2862918
5866536,2868740
5866536,2971916
5866536,3016308
5866536,3052655
5866536,3057344
5866536,3076790
5866536,3170802
5866536,3190837
5866536,3474777
5866536,3565559
5866536,3576758
5866536,3725113
5866536,3794561
5866536,3822348
5866536,3849550
5866536,3937668
5866536,3962416
5866536,4048268
5866536,4147767
5866536,4183849
5866536,4217370
5866536,4345588
5866536,4348384
5866536,4351337
5866536,4352883
5866536,4357259
5866536,4446138
5866536,4450150
5866536,4483807
5866536,4492684
5866536,4608278
5866536,4647455
5866536,4666641
5866536,4671954
5866536,4745161
5866536,4753804
5866536,4757007
5866536,4774320
5866536,4844904
5866536,4895725
5866536,4925673
5866536,4963364
5866536,4976968
5866536,4983402
5866536,5055300
5866536,5069936
5866536,5100669
5866536,5204099
5866536,5250236
5866536,5401516
5866536,5443841
5866536,5447728
5866536,5451410
5866536,5540939
5866536,5541155
5866536,5578323
5866536,5601846
5866536,5643957
5866536,5650386
5866536,5667806
5876710,2671451
5876710,2862918
5876710,2868740
5876710,2971916
5876710,3016308
5876710,3052655
5876710,3057344
5876710,3076790
5876710,3170802
5876710,3190837
5876710,3474777
5876710,3565559
5876710,3576758
5876710,3725113
5876710,3794561
5876710,3822348
5876710,3849550
5876710,3937668
5876710,3962416
5876710,4048268
5876710,4147767
5876710,4183849
5876710,4217370
5876710,4345588
5876710,4348384
5876710,4351337
5876710,4352883
5876710,4357259
5876710,4446138
5876710,4450150
5876710,4483807
5876710,4492684
5876710,4608278
5876710,4647455
5876710,4666641
5876710,4671954
5876710,4745161
5876710,4753804
5876710,4757007
5876710,4774320
5876710,4844904
5876710,4895725
5876710,4925673
5876710,4963364
5876710,4976968
5876710,4983402
5876710,5055300
5876710,5069936
5876710,5100669
5876710,5204099
5876710,5250236
5876710,5401516
5876710,5443841
5876710,5447728
5876710,5451410
5876710,5540939
5876710,5541155
5876710,5578323
5876710,5601846
5879681,2671451
5879681,2862918
5879681,2868740
5879681,2971916
5879681,3016308
5879681,3052655
5879681,3057344
5879681,3076790
5879681,3170802
5879681,3190837
5879681,3474777
5879681,3565559
5879681,3576758
5879681,3725113
5879681,3794561
5879681,3822348
5879681,3849550
5879681,3937668
5879681,3962416
5879681,4048268
5879681,4147767
5879681,4183849
5879681,4217370
5879681,4345588
5879681,4348384
5879681,4351337
5879681,4352883
5879681,4357259
5879681,4446138
5879681,4450150
5879681,4483807
5879681,4492684
5879681,4608278
5879681,4647455
5879681,4666641
5879681,4671954
5879681,4745161
5879681,4753804
5879681,4757007
5879681,4774320
5879681,4844904
5879681,4895725
5879681,4925673
5879681,4963364
5879681,4976968
5879681,4983402
5879681,5055300
5879681,5069936
5879681,5100669
5879681,5204099
5879681,5250236
5879681,5401516
5879681,5443841
5879681,5447728
5879681,5451410
5879681,5540939
5879681,5541155
5879681,5578323
5879681,5601846
5879681,5643957
5879681,5650386
5939381,2671451
5939381,2862918
5939381,2868740
5939381,2971916
5939381,3016308
5939381,3052655
5939381,3057344
5939381,3076790
5939381,3170802
5939381,3190837
5939381,3474777
5939381,3565559
5939381,3576758
5939381,3725113
5939381,3794561
5939381,3822348
5939381,3849550
5939381,3937668
5939381,3962416
5939381,4048268
5939381,4147767
5939381,4183849
5939381,4217370
5939381,4345588
5939381,4348384
5939381,4351337
5939381,4352883
5939381,4357259
5939381,4446138
5939381,4450150
5939381,4483807
5939381,4492684
5939381,4608278
5939381,4647455
5939381,4666641
5939381,4671954
5939381,4745161
5939381,4753804
5939381,4757007
5939381,4774320
5939381,4844904
5939381,4895725
5939381,4925673
5939381,4963364
5939381,4976968
5939381,4983402
5939381,5055300
5939381,5069936
5939381,5100669
5939381,5204099
5939381,5250236
5939381,5401516
5939381,5443841
5939381,5447728
5939381,5451410
5939381,5540939
5939381,5541155
5939381,5578323
5939381,5601846
5955503,2671451
5955503,2862918
5955503,2868740
5955503,2971916
5955503,3016308
5955503,3052655
5955503,3057344
5955503,3076790
5955503,3170802
5955503,3190837
5955503,3474777
5955503,3565559
5955503,3576758
5955503,3725113
5955503,3794561
5955503,3822348
5955503,3849550
5955503,3937668
5955503,3962416
5955503,4048268
5955503,4147767
5955503,4183849
5955503,4217370
5955503,4345588
5955503,4348384
5955503,4351337
5955503,4352883
5955503,4357259
5955503,4446138
5955503,4450150
5955503,4483807
5955503,4492684
5955503,4608278
5955503,4647455
5955503,4666641
5955503,4671954
5955503,4745161
5955503,4753804
5955503,4757007
5955503,4774320
5955503,4844904
5955503,4925673
5955503,4963364
5955503,4976968
5955503,4983402
5955503,5055300
5955503,5069936
5955503,5100669
5955503,5204099
5955503,5250236
5955503,5401516
5955503,5443841
5955503,5447728
5955503,5451410
5955503,5540939
5955503,5541155
5955503,5578323
5955503,5601846
5958457,2671451
5958457,2862918
5958457,2868740
5958457,2971916
5958457,3016308
5958457,3052655
5958457,3057344
5958457,3076790
5958457,3170802
5958457,3190837
5958457,3474777
5958457,3565559
5958457,3576758
5958457,3725113
5958457,3794561
5958457,3822348
5958457,3849550
5958457,3937668
5958457,3962416
5958457,4048268
5958457,4147767
5958457,4183849
5958457,4217370
5958457,4345588
5958457,4348384
5958457,4351337
5958457,4352883
5958457,4357259
5958457,4446138
5958457,4450150
5958457,4483807
5958457,4492684
5958457,4608278
5958457,4647455
5958457,4666641
5958457,4671954
5958457,4745161
5958457,4753804
5958457,4757007
5958457,4774320
5958457,4844904
5958457,4895725
5958457,4925673
5958457,4963364
5958457,4976968
5958457,4983402
5958457,5055300
5958457,5069936
5958457,5100669
5958457,5204099
5958457,5250236
5958457,5451410
5958457,5578323
5958457,5601846
5962710,2671451
5962710,2862918
5962710,2868740
5962710,2971916
5962710,3016308
5962710,3052655
5962710,3057344
5962710,3076790
5962710,3170802
5962710,3190837
5962710,3474777
5962710,3565559
5962710,3576758
5962710,3725113
5962710,3794561
5962710,3822348
5962710,3849550
5962710,3937668
5962710,3962416
5962710,4048268
5962710,4147767
5962710,4183849
5962710,4217370
5962710,4345588
5962710,4348384
5962710,4351337
5962710,4352883
5962710,4357259
5962710,4446138
5962710,4450150
5962710,4483807
5962710,4492684
5962710,4608278
5962710,4647455
5962710,4666641
5962710,4671954
5962710,4745161
5962710,4753804
5962710,4757007
5962710,4774320
5962710,4844904
5962710,4895725
5962710,4925673
5962710,4963364
5962710,4976968
5962710,4983402
5962710,5055300
5962710,5069936
5962710,5100669
5962710,5204099
5962710,5250236
5962710,5401516
5962710,5443841
5962710,5447728
5962710,5451410
5962710,5540939
5962710,5541155
5962710,5578323
5962710,5601846
5962710,5629020
5962710,5643957
5962710,5650386
5962710,5667806
5962710,5693338
5962710,5709861
5962710,5714167
5962710,5750147
5965121,2671451
5965121,2862918
5965121,2868740
5965121,2971916
5965121,3016308
5965121,3052655
5965121,3057344
5965121,3076790
5965121,3170802
5965121,3190837
5965121,3474777
5965121,3565559
5965121,3576758
5965121,3725113
5965121,3794561
5965121,3822348
5965121,3849550
5965121,3937668
5965121,3962416
5965121,4048268
5965121,4147767
5965121,4183849
5965121,4217370
5965121,4345588
5965121,4348384
5965121,4351337
5965121,4352883
5965121,4357259
5965121,4446138
5965121,4450150
5965121,4483807
5965121,4492684
5965121,4608278
5965121,4647455
5965121,4666641
5965121,4671954
5965121,4745161
5965121,4753804
5965121,4757007
5965121,4774320
5965121,4844904
5965121,4895725
5965121,4925673
5965121,4963364
5965121,4976968
5965121,4983402
5965121,5055300
5965121,5069936
5965121,5100669
5965121,5204099
5965121,5250236
5965121,5401516
5965121,5443841
5965121,5447728
5965121,5451410
5965121,5540939
5965121,5541155
5965121,5578323
5965121,5601846
5965121,5643957
5965121,5667806
5972387,2671451
5972387,2862918
5972387,2868740
5972387,2971916
5972387,3016308
5972387,3052655
5972387,3057344
5972387,3076790
5972387,3170802
5972387,3190837
5972387,3474777
5972387,3565559
5972387,3576758
5972387,3725113
5972387,3794561
5972387,3822348
5972387,3849550
5972387,3937668
5972387,3962416
5972387,4048268
5972387,4147767
5972387,4183849
5972387,4217370
5972387,4345588
5972387,4348384
5972387,4351337
5972387,4352883
5972387,4357259
5972387,4446138
5972387,4450150
5972387,4483807
5972387,4492684
5972387,4608278
5972387,4647455
5972387,4666641
5972387,4671954
5972387,4745161
5972387,4753804
5972387,4757007
5972387,4774320
5972387,4844904
5972387,4895725
5972387,4925673
5972387,4963364
5972387,4976968
5972387,4983402
5972387,5055300
5972387,5069936
5972387,5100669
5972387,5204099
5972387,5250236
5972387,5451410
5972387,5540939
5972387,5578323
5972387,5601846
5976569,2671451
5976569,2862918
5976569,2868740
5976569,2971916
5976569,3016308
5976569,3052655
5976569,3057344
5976569,3076790
5976569,3170802
5976569,3190837
5976569,3474777
5976569,3565559
5976569,3576758
5976569,3725113
5976569,3794561
5976569,3822348
5976569,3849550
5976569,3937668
5976569,3962416
5976569,4048268
5976569,4147767
5976569,4183849
5976569,4217370
5976569,4345588
5976569,4348384
5976569,4351337
5976569,4352883
5976569,4357259
5976569,4446138
5976569,4450150
5976569,4483807
5976569,4492684
5976569,4608278
5976569,4647455
5976569,4666641
5976569,4671954
5976569,4745161
5976569,4753804
5976569,4757007
5976569,4774320
5976569,4844904
5976569,4895725
5976569,4925673
5976569,4963364
5976569,4976968
5976569,4983402
5976569,5055300
5976569,5069936
5976569,5100669
5976569,5204099
5976569,5250236
5976569,5401516
5976569,5443841
5976569,5447728
5976569,5451410
5976569,5540939
5976569,5541155
5976569,5578323
5976569,5601846
5976569,5629020
5976569,5643957
5976569,5650386
5976569,5667806
5989539,2671451
5989539,2862918
5989539,2868740
5989539,2971916
5989539,3016308
5989539,3052655
5989539,3057344
5989539,3076790
5989539,3170802
5989539,3190837
5989539,3474777
5989539,3565559
5989539,3576758
5989539,3725113
5989539,3794561
5989539,3822348
5989539,3849550
5989539,3937668
5989539,3962416
5989539,4048268
5989539,4147767
5989539,4183849
5989539,4217370
5989539,4345588
5989539,4348384
5989539,4351337
5989539,4352883
5989539,4357259
5989539,4446138
5989539,4450150
5989539,4483807
5989539,4492684
5989539,4608278
5989539,4647455
5989539,4666641
5989539,4671954
5989539,4745161
5989539,4753804
5989539,4757007
5989539,4774320
5989539,4844904
5989539,4895725
5989539,4925673
5989539,4963364
5989539,4976968
5989539,4983402
5989539,5055300
5989539,5069936
5989539,5100669
5989539,5204099
5989539,5250236
5989539,5401516
5989539,5443841
5989539,5447728
5989539,5451410
5989539,5540939
5989539,5541155
5989539,5578323
5989539,5601846
5989539,5629020
5989539,5643957
5989539,5650386
5989539,5667806
5989539,5693338
5989539,5709861
5989539,5714167
5989539,5750147
5990166,2671451
5990166,2862918
5990166,2868740
5990166,2971916
5990166,3016308
5990166,3052655
5990166,3057344
5990166,3076790
5990166,3170802
5990166,3190837
5990166,3474777
5990166,3565559
5990166,3576758
5990166,3725113
5990166,3794561
5990166,3822348
5990166,3849550
5990166,3937668
5990166,3962416
5990166,4048268
5990166,4147767
5990166,4183849
5990166,4217370
5990166,4345588
5990166,4348384
5990166,4351337
5990166,4352883
5990166,4357259
5990166,4446138
5990166,4450150
5990166,4483807
5990166,4492684
5990166,4608278
5990166,4647455
5990166,4666641
5990166,4671954
5990166,4745161
5990166,4753804
5990166,4757007
5990166,4774320
5990166,4844904
5990166,4895725
5990166,4925673
5990166,4963364
5990166,4976968
5990166,4983402
5990166,5055300
5990166,5069936
5990166,5100669
5990166,5204099
5990166,5250236
5990166,5401516
5990166,5443841
5990166,5447728
5990166,5451410
5990166,5540939
5990166,5541155
5990166,5578323
5990166,5601846
5990166,5629020
5990166,5643957
5990166,5650386
5990166,5667806
5990166,5693338
5990166,5709861
5990166,5714167
5990166,5750147
6001347,2671451
6001347,2862918
6001347,2868740
6001347,2971916
6001347,3016308
6001347,3052655
6001347,3057344
6001347,3076790
6001347,3170802
6001347,3190837
6001347,3474777
6001347,3565559
6001347,3576758
6001347,3725113
6001347,3794561
6001347,3822348
6001347,3849550
6001347,3937668
6001347,3962416
6001347,4048268
6001347,4147767
6001347,4183849
6001347,4217370
6001347,4345588
6001347,4348384
6001347,4351337
6001347,4352883
6001347,4357259
6001347,4446138
6001347,4450150
6001347,4483807
6001347,4492684
6001347,4608278
6001347,4647455
6001347,4666641
6001347,4671954
6001347,4745161
6001347,4753804
6001347,4757007
6001347,4774320
6001347,4844904
6001347,4895725
6001347,4925673
6001347,4963364
6001347,4976968
6001347,4983402
6001347,5055300
6001347,5069936
6001347,5100669
6001347,5204099
6001347,5250236
6001347,5401516
6001347,5443841
6001347,5447728
6001347,5451410
6001347,5540939
6001347,5541155
6001347,5578323
6001347,5601846
6001347,5643957
6001347,5667806
